5

2
1 2000.000000 2800.000000 2601.922363 2.202600
2 2400.000000 -400.000000 1614.434814 2.840340
3 400.000000 1000.000000 850.000000 3.372289
42.163700
3 400.000000 1000.000000 801.560974 3.576337
4 1000.000000 -1600.000000 1898.315063 1.811250
5 -800.000000 -800.000000 1563.849365 2.748881

4
5 -800.000000 -800.000000 897.566162 4.793188
6 -1400.000000 800.000000 1216.922363 1.412620
8 -2800.000000 -800.000000 1265.069092 0.905851
36.400549
5 -800.000000 -800.000000 235.849533 18.541993
6 -1400.000000 800.000000 1486.909546 1.156083
8 -2800.000000 -800.000000 1910.602051 0.599778

18
3 400.000000 1000.000000 950.000000 3.016964
4 1000.000000 -1600.000000 1924.473999 1.786622
5 -800.000000 -800.000000 1275.000000 3.372289
20.000000
3 400.000000 1000.000000 950.000000 3.016964
4 1000.000000 -1600.000000 1924.473999 1.786622
5 -800.000000 -800.000000 1275.000000 3.372289

21
11 300.000000 0.000000 150.003326 0.381967
12 300.000000 100.000000 180.288651 0.635614
13 300.000000 -100.000000 180.302521 0.953372
3.435921
11 300.000000 0.000000 70.717751 0.810231
12 300.000000 100.000000 70.738960 1.620139
14 250.000000 0.000000 50.159744 4.573925

14
11 300.000000 0.000000 70.717751 0.810231
12 300.000000 100.000000 70.738960 1.620139
14 250.000000 0.000000 50.159744 4.573925
10.21
11 300.000000 0.000000 150.003326 0.381967
12 300.000000 100.000000 180.288651 0.635614
13 300.000000 -100.000000 180.302521 0.953372


