23

1
1 2000.000000 1800.000000 1232.882812 9.335867
2 2000.000000 600.000000 250.000000 36.869928
3 2600.000000 600.000000 447.213593 26.565073
20.000000
1 2000.000000 1800.000000 1232.882812 9.335867
2 2000.000000 600.000000 250.000000 36.869928
3 2600.000000 600.000000 447.213593 26.565073

2
8 -200.000000 -1600.000000 906.917847 9.520210
9 200.000000 -1000.000000 833.306702 8.279649
11 -600.000000 -600.000000 223.606796 26.565073
20.000000
9 200.000000 -1000.000000 833.306702 8.279649
11 -600.000000 -600.000000 223.606796 26.565073
8 -200.000000 -1600.000000 906.917847 9.520210

3
15 0.000000 400.000000 350.000000 25.376956
16 -200.000000 -200.000000 453.431366 20.662661
17 500.000000 100.000000 412.310577 14.036256
20.000000
15 0.000000 400.000000 350.000000 25.376956
16 -200.000000 -200.000000 453.431366 20.662661
17 500.000000 100.000000 412.310577 14.036256

4
1 2000.000000 1800.000000 1095.445068 10.519744
2 2000.000000 600.000000 1289.379761 6.680638
18 600.000000 1000.000000 571.314270 8.049474
29.917582
1 2000.000000 1800.000000 830.662354 13.932104
2 2000.000000 600.000000 1533.786133 5.612343
18 600.000000 1000.000000 1084.619751 4.229900

5
3 2600.000000 600.000000 1500.000000 7.662262
4 1800.000000 -400.000000 509.901947 11.309942
6 1400.000000 -1600.000000 1073.545532 8.031879
41.666668
2 2000.000000 600.000000 1530.522827 5.624348
3 2600.000000 600.000000 1414.213623 8.130109
4 1800.000000 -400.000000 900.000000 6.379376

6
6 1400.000000 -1600.000000 736.545959 11.750684
7 400.000000 -2600.000000 763.216858 19.120815
8 -200.000000 -1600.000000 1087.428101 7.928676
26.666666
7 400.000000 -2600.000000 512.347534 29.205958
8 -200.000000 -1600.000000 1289.379761 6.680638
9 200.000000 -1000.000000 1527.874390 4.504682

7
7 400.000000 -2600.000000 593.717102 24.902558
8 -200.000000 -1600.000000 820.060974 10.539502
10 -1600.000000 -2200.000000 1533.786133 9.380807
23.076923
7 400.000000 -2600.000000 750.000000 19.471236
8 -200.000000 -1600.000000 531.507263 16.392536
10 -1600.000000 -2200.000000 1523.974976 9.441751

8
8 -200.000000 -1600.000000 1905.911865 4.513992
10 -1600.000000 -2200.000000 820.060974 17.749479
12 -1400.000000 -400.000000 1391.545898 3.295755
25.000000
8 -200.000000 -1600.000000 1537.042603 5.600414
10 -1600.000000 -2200.000000 939.414734 15.433713
12 -1400.000000 -400.000000 952.050415 4.820204

9
4 1800.000000 -400.000000 1004.987549 5.710598
5 1000.000000 -600.000000 1148.912476 10.024996
6 1400.000000 -1600.000000 471.699066 18.541993
27.766439
5 1000.000000 -600.000000 616.441406 18.931839
4 1800.000000 -400.000000 591.608032 9.731483
6 1400.000000 -1600.000000 722.841675 11.976736

10
1 2000.000000 1800.000000 663.324951 17.548417
2 2000.000000 600.000000 650.000000 13.342376
3 2600.000000 600.000000 1019.803894 11.309942
55.470016
1 2000.000000 1800.000000 1296.148193 8.876403
2 2000.000000 600.000000 838.152771 10.309488
18 600.000000 1000.000000 637.495056 7.209127

11
18 600.000000 1000.000000 1458.218140 3.144913
19 -400.000000 1800.000000 590.677551 16.726608
20 -1000.000000 1400.000000 297.321381 47.726353
72.886902
14 -600.000000 400.000000 540.740234 19.443509
15 0.000000 400.000000 722.841675 11.976736
18 600.000000 1000.000000 1107.429443 4.142623

12
11 -600.000000 -600.000000 223.606796 26.565073
14 -600.000000 400.000000 1035.567505 10.009874
12 -1400.000000 -400.000000 637.495056 7.209127
35.901100
11 -600.000000 -600.000000 374.165741 15.501373
16 -200.000000 -200.000000 274.954529 35.585333
9 200.000000 -1000.000000 790.189819 8.734869

13
9 200.000000 -1000.000000 429.418213 16.227268
5 1000.000000 -600.000000 728.010986 15.945409
17 500.000000 100.000000 734.846924 7.821243
23.076923
16 -200.000000 -200.000000 534.415588 17.421133
17 500.000000 100.000000 458.257568 12.604393
5 1000.000000 -600.000000 787.400818 14.714366

14
17 500.000000 100.000000 374.165741 15.501373
15 0.000000 400.000000 715.891052 12.094767
18 600.000000 1000.000000 613.514465 7.492498
26.666666
17 500.000000 100.000000 374.165741 15.501373
15 0.000000 400.000000 335.410187 26.565073
18 600.000000 1000.000000 675.573792 6.800807

15
14 -600.000000 400.000000 482.078827 21.924420
15 0.000000 400.000000 320.156219 27.938376
18 600.000000 1000.000000 897.997742 5.111094
17.568209
14 -600.000000 400.000000 540.740234 19.443509
15 0.000000 400.000000 206.155289 46.686182
18 600.000000 1000.000000 993.176758 4.620162

16
9 200.000000 -1000.000000 463.033478 15.020270
11 -600.000000 -600.000000 608.276245 9.462330
16 -200.000000 -200.000000 474.973694 19.685747
20.000000
9 200.000000 -1000.000000 737.834656 9.360060
11 -600.000000 -600.000000 678.232971 8.478721
16 -200.000000 -200.000000 274.954529 35.585333

18
16 -200.000000 -200.000000 620.966980 14.931429
17 500.000000 100.000000 331.662476 17.548417
9 200.000000 -1000.000000 833.306702 8.279649
22.587696
5 1000.000000 -600.000000 469.041565 25.239423
9 200.000000 -1000.000000 868.562073 7.941358
17 500.000000 100.000000 458.257568 12.604393

19
11 -600.000000 -600.000000 640.312378 8.984885
16 -200.000000 -200.000000 324.961548 29.496234
15 0.000000 400.000000 585.234985 14.851076
29.154760
12 -1400.000000 -400.000000 863.944458 5.313122
13 -1200.000000 200.000000 374.165741 32.311562
14 -600.000000 400.000000 363.868103 29.648988

20
15 0.000000 400.000000 531.507263 16.392536
16 -200.000000 -200.000000 213.541565 48.527108
17 500.000000 100.000000 640.312378 8.984885
28.327887
11 -600.000000 -600.000000 412.310577 14.036256
12 -1400.000000 -400.000000 828.492615 5.541171
16 -200.000000 -200.000000 430.813171 21.801427

21
11 -600.000000 -600.000000 588.557556 9.782415
16 -200.000000 -200.000000 161.245148 82.875051
17 500.000000 100.000000 749.933289 7.662948
32.500000
15 0.000000 400.000000 522.015320 16.699258
16 -200.000000 -200.000000 561.782898 16.547360
17 500.000000 100.000000 244.948975 24.094863

23
14 -600.000000 400.000000 490.713776 21.519195
15 0.000000 400.000000 333.016510 26.771176
16 -200.000000 -200.000000 412.310577 22.833673
28.000000
15 0.000000 400.000000 345.398315 25.739586
16 -200.000000 -200.000000 588.557556 15.774460
17 500.000000 100.000000 307.896088 18.952560

24
9 200.000000 -1000.000000 632.218323 10.941580
11 -600.000000 -600.000000 807.031555 7.117871
16 -200.000000 -200.000000 441.474792 21.249006
24.509069
15 0.000000 400.000000 528.109863 16.500998
16 -200.000000 -200.000000 337.638855 28.286417
17 500.000000 100.000000 475.815094 12.132071

26
18 600.000000 1000.000000 1003.194885 4.573925
19 -400.000000 1800.000000 434.626282 23.025511
20 -1000.000000 1400.000000 1099.272461 11.544709
20.000000
15 0.000000 400.000000 1209.338623 7.125022
18 600.000000 1000.000000 852.291016 5.385982
19 -400.000000 1800.000000 478.434937 20.813395

